gene_name	baseMean	log2FoldChange	padj	N1_1	N1_2	WT_1	WT_2
2210418O10Rik	635.91130003266	2.44136636273172	0.00017247661293956	1347.2595318828	1215.08658209046	260.33365762825	320.495642924598
3110039I08Rik	274.358708008474	-1.73897433311588	0.00464275749115454	204.927667022537	151.170576699682	520.543061752043	377.599131416778
3110070M22Rik	67.8828226926162	1.25092715390268	0.0441055704207796	128.705794385433	115.210412731473	41.6160228348044	61.4953944956743
9330159F19Rik	3176.4885250131	-2.93324384077483	1.73493194160856e-41	438.686569978146	535.930005315128	3899.98843229484	3962.81242070064
A830011K09Rik	78.6203877691589	-9.40835748219374	8.12950833208415e-08	0	0	100.487469771845	128.031395097551
Agrn	1846.44197074405	-1.8207069877533	0.0312329629000232	1382.57999325564	757.795912177295	1952.97862414471	5469.9185169093
Akap10	243.374961411733	1.7807892376036	0.000216743651833885	330.853231879883	308.522220191222	125.542287253393	206.928837637924
Amot	693.61690352093	-2.3408310338069	2.16796124064816e-07	328.519312665296	276.621244453941	1413.85229946574	1423.03025027302
Ankrd13c	2113.2943725622	1.36183885074727	1.5607041236845e-06	2372.30826640111	2207.27713139701	871.179383727665	1214.63347156416
Ankrd45	721.129366437383	-2.50971780334597	0.0265175497770175	340.399507162799	248.497037728449	821.597742119511	2524.14439733001
Apba2	9593.83755693696	2.04782443363958	4.44871315656141e-24	13181.9261430721	12903.1398997973	2714.55085206541	3607.89598422423
Appbp2	989.813175368532	-5.64593035362996	8.60472539313454e-38	22.820176309474	55.3372848552743	1897.08162629877	1972.89322996778
Arsa	494.187514716781	1.37675947580206	2.02673963884328e-08	753.97862526502	830.966441433299	329.883107836864	281.265820726117
Asb6	811.045257613153	-1.57100910542944	2.90334148474505e-13	360.558785689689	372.846296319963	1065.77619454987	1111.95770702834
Asxl3	457.595734475896	1.76194204638069	0.00712223717724739	899.682195453251	618.502655865854	140.167781651163	264.716819245608
Atp6v1h	4904.10000723974	-1.5055834420267	2.70788882412982e-46	2047.76509319559	2176.01497965575	5763.4559728234	6345.49625778156
Basp1	21082.8268380237	-1.28581458731883	6.45255029560945e-10	8636.06752255733	10905.98095951	23858.1613837092	23797.7095486047
Bax	428.471646404089	2.19369951509958	0.000267991215496286	1222.84121812655	1169.10328150594	300.955622901814	64.2773641457017
Baz2a	1613.23962864574	-3.15768485433366	0.0100528660246019	446.684977983575	138.850456270456	1720.12149146137	3260.20782399774
Bco2	138.834115691794	-1.18499278063133	0.00203407161420331	109.972030073961	66.4975820045191	206.901072796397	196.640895207092
C230091D08Rik	226.44959391889	-25.6847669062793	1.30697712202794e-05	0	0	0	1823.69128922418
C2cd4a	27.487305371184	-4.46490374983181	0.00869204346180501	0	4.53584302092412	82.2170207224185	19.1543032035707
C4a	196.545928488276	-1.21527475547738	0.0305217558964792	75.7629853474536	155.125831315605	280.146885424537	255.054668973862
Caml	649.646723829267	5.19578854663371	7.86120874573716e-14	1324.48303300187	1271.85038306712	38.5709479932334	33.2680003009385
Cbl	1644.51814213023	-2.66848842610897	0.0140095122420746	355.855153219437	496.73750655465	1009.58012914068	4439.65629003823
Ccdc137	217.910926806955	-2.33857378630452	0.0297548971906107	108.901365062559	130.003704839058	195.165471327697	1003.79066182859
Ccdc186	186.444036479475	-1.45852787337125	0.0011687842133389	96.1216237649766	96.427072615206	209.933576316761	288.203487012891
Ccl6	93.1071546333238	1.46512332992918	0.00276657086520646	149.700356590149	216.813296400173	54.811347148279	78.6334552567638
Cdr1	1011.23575218892	-1.4107219681382	5.38071592455974e-05	437.234578089522	538.858150885786	1399.7194021755	1194.62364717007
Celf5	7909.9042917524	1.71383969570326	0.045872339166385	11118.970935182	11279.9830499673	3614.03579544276	3212.14606152901
Cenpw	96.7974167755617	1.21226808254565	0.00360495686048473	140.748392006913	152.696107290786	69.7555964787016	58.2363302197922
Cep104	444.538553999992	2.094097996457	0.00109204057184306	508.483766999812	1587.85975787192	228.802823032392	201.906750426181
Chuk	724.371837441797	-1.61787477590534	0.0140489206946275	428.719678839872	172.199661387224	907.866806092046	990.097497848447
Clasrp	258.611276986083	1.32380021951529	2.35270699189351e-06	455.259568156518	560.16090987723	205.079857359533	219.378849306698
Clcn7	1553.14612270786	-3.69675484378938	1.63836826918263e-05	244.247828984628	98.4285976978001	2655.48526336466	1739.77146812973
Clip4	2024.61209909287	2.13950896664969	4.50556015219821e-05	2053.85953131307	2293.79161693986	645.814682352049	359.55704766908
Coq2	953.101723516992	-2.3164854837725	2.06924064978876e-28	309.814727486816	334.108168348132	1820.25256296317	1387.04524352835
Cpeb1	606.165295255413	3.16067292495734	4.76700200208149e-07	1048.38677005461	2144.72964999257	129.801018956067	231.932927932052
Cpne1	463.524220971341	2.55274675977835	1.63836826918263e-05	678.09035529501	1442.7438084718	219.481570301486	143.900199850265
Cryab	2367.9806767538	-1.32564466708175	0.0126105554239481	1330.57911186818	1399.53938012198	4043.82611923868	2728.17882342981
Csf1	1489.90869660948	-1.68920620112611	1.07304089749767e-13	690.353924533852	470.545687578474	1902.12550725325	1647.38990380511
Csmd2	1656.87700214145	-1.11801824548131	6.51270525467702e-11	907.708936917054	881.60929933941	2061.97029678543	1680.30338081283
Ctnnbip1	1445.13547885434	-1.06843454561056	0.00182591864757569	844.674249656871	763.326245253962	1588.61033474231	1764.24025108971
Cttn	701.519993372441	-1.19193276713247	6.49692774846642e-05	551.425859152532	567.225926724618	1091.27950431902	1263.06074980507
D7Ertd443e	92.9683243911504	-1.94694884121265	0.00195731102569162	53.3497142522324	53.3170354542177	204.30279338829	169.12193302424
D930019O06Rik	282.43399776613	1.89328514906433	0.00143304250645952	376.91760397314	371.625353592222	88.0923578654709	133.007764729271
Ddx39b	1905.28657001055	2.4584771188401	0.0142059791312774	3212.52844340525	2959.4794284531	577.529387065954	561.266456762546
Ddx6	6252.92036743836	-1.24597350233902	8.48219658227871e-15	3569.93995938509	3546.10262853676	8054.21735380592	8818.06424616529
Dhx29	291.417262028955	-1.10611247454074	0.0117675224666519	168.869304690107	236.771005692239	362.363906146956	507.084974284003
Dnajb12	208.091257317085	1.36693836436504	1.07373718187507e-10	369.686856213479	356.517261444636	150.223692184172	131.055758761273
Dnajc4	173.880603173036	2.2997970103987	0.0394786107600425	337.400305681803	164.873061413649	59.8264679327239	58.3392006529124
Dot1l	1359.85560970023	2.24489030975221	4.2997756072855e-06	1530.11914182422	1989.63476978407	423.54510941073	260.257965157826
Dvl1	750.412587053627	-1.35687447379692	0.00035534776080755	455.885489491156	284.504358341339	997.556692725632	913.330679561005
E430024I08Rik	212.46533605438	5.34145930448824	1.70496476409361e-24	309.493030624444	240.991556514806	8.67029316143297	36.1065991952749
Egfl7	480.634945222264	1.52022237911634	2.39568205008929e-06	649.944549145254	1002.42788480079	289.754901421931	296.071104515129
Egr2	89.0840707226803	-1.83784972178939	1.26865556871377e-07	37.8507513387634	41.8093901572113	134.380642993277	52.7797088175533
Eif4e2	780.116019737551	-1.11636550856328	0.00999307536883046	473.915761247682	538.980203244718	852.950250045358	1093.33634509703
Erdr1	36.4843516847667	-2.15330909724814	0.0209273403613248	18.3614223991639	17.2980800834739	93.6156358336513	55.3919315171423
Fam21	1841.8305832677	-1.67256795098653	7.28138128148125e-07	466.103148006867	704.195193878371	1859.10297046204	1853.12221277088
Fam96b	365.378288302218	-2.21461026237892	1.60459829000225e-30	104.97281102358	108.860232502179	533.903122222125	455.670792000734
Fanci	40.5110133981512	2.54881002853041	0.00118198642349046	81.9284868647184	83.2790731685752	10.1751512967256	18.0966713649276
Fbxl19	1560.19995501261	-1.67660621547741	0.0337574740439943	590.730172108003	815.637850072912	3390.21185129443	3064.14295473071
Fbxo38	1010.86708896658	1.71937839679164	0.0474806319556274	1564.28253457832	2852.48036390365	392.187267404752	904.21050686656
Frrs1	101.770419829892	-1.1922342319441	0.0196510751679351	56.7769882672933	90.5880775253159	106.697490072314	98.8546038171827
Fxr1	2143.62103816887	1.14072037078891	0.0100675539798996	2754.34454323085	2810.452069817	1154.85524600485	1270.94110142906
Gabbr1	8775.27394073174	-4.80778734553861	0.00996873024208488	591.329869374691	608.457874535702	29624.431283301	3023.51956197465
Gapdhs	62.8081756125031	-1.04188509716653	0.0377735794004223	31.8398819373694	41.2872231668447	80.3815788026498	72.607977420762
Gdap10	74.6317254689789	-1.10610787247668	0.0253419557382783	32.8610538856425	40.8225871883171	74.0968211448957	81.6578189204855
Gm10045	28.7072927971195	1.4705025449591	0.0429544181941142	50.2043878808428	57.1516220636439	15.2253742078553	24.1949093097735
Gm10591	58.7700409293401	6.63003773349054	0.00167977177001179	62.9836866141482	38.1010813757626	0	2.01624244248112
Gm12191	109.460519891051	-1.69784900001645	0.00108634160388203	44.727545566569	35.3795755632081	131.953243134746	127.023273876311
Gm13301	366.885592723255	3.77429685380891	1.10593768421492e-09	443.624227456174	429.090749779422	45.6761226235658	19.1543032035707
Gm13304	111.906486123324	6.96663894000256	2.12273824627008e-08	125.054566175917	129.72511039843	1.01502494719035	2.01624244248112
Gm16867	107.579119772296	2.27558771808697	1.44229128682558e-05	351.405530710194	363.865157291048	40.2115281266908	81.4951751614738
Gm1821	158.034228831655	10.1182990133519	1.40820858656395e-05	127.792987333054	285.75811031822	0	0
Gm21075	250.920685640306	5.68052792671818	1.68180626035478e-23	263.801238137519	255.82154638012	6.09014968314211	5.04060610620281
Gm21119	30.5546890006649	-1.49173701537199	0.028741410292141	13.9977873573916	18.3771035326981	45.6275569781276	41.5221832145225
Gm21541	42.2213999092279	7.97484590392747	0.000137329923222415	25.5585974666109	68.9448139180466	0	0
Gm2427	124.841426627884	6.13823944450575	1.2608809723945e-11	306.70316959933	263.986063817784	9.13522452471317	0
Gm26944	309.407374132272	-1.14152167838821	0.00132944328592342	177.905274451855	219.021805392764	407.666978833073	451.840331226172
Gm27177	226.239966746161	2.1431849260239	7.29518314300138e-08	647.244044093953	598.858386552386	117.64298226674	164.356146248354
Gm29801	108.532056517585	4.66028566952733	1.48677043532656e-13	128.705794385433	127.91077319006	5.07512473595176	7.05684854868393
Gm29804	339.741122792645	6.15543629138476	7.60849449702336e-26	355.081943375415	366.496116090669	2.0300498943807	8.06496976992449
Gm30042	32.3599752398078	-2.03343632878667	0.0225222423593603	5.47684231427376	17.2362034795117	47.7061725179465	46.3735761770658
Gm30936	35.7609343468936	-2.97460038139522	7.9531887490161e-05	10.0408775761686	3.6286744167393	45.6761226235658	48.389818619547
Gm31159	111.8441876754	-1.73219772586625	0.000236881897982784	36.3885948592039	42.492489619521	138.440434643291	120.564739042328
Gm32643	79.0006976769131	-1.47433221614654	0.0019692579242804	37.552246372332	33.6792811709277	100.147204967014	93.4378049403535
Gm33449	203.949922636004	-1.50176178793493	0.00147255892724835	89.455091133138	136.982459231908	245.636037220065	394.17539750506
Gm35266	37.5696723876368	-1.54201244201472	0.00890837453516547	17.3433339952002	22.6792151046206	59.8864718842308	52.4223035045092
Gm35365	45.488801178889	-2.31816990532114	0.000500200383077248	12.7792987333054	18.1433720836965	79.1719458808475	72.5847279293205
Gm38592	46.4146185087104	-1.62510911242772	0.00775036525682186	21.907369257095	15.421866271142	64.9615966201825	47.3816973983064
Gm3893	110.637672479389	1.72377247740176	0.00129000270896558	100.408775761686	114.303244127288	33.4958232572816	31.2517578584574
Gm39326	23.3230470681703	-1.98871142558271	0.00637421826288608	8.34184858391509	7.5994605761389	57.9971769822046	59.0496790764164
Gm39972	248.382725301421	-1.43323657631294	0.0490991007569407	102.699662887111	137.142542463509	347.618357368656	322.972697822598
Gm40518	33.7133768385313	-9.21592190486654	2.22122166659629e-06	0	0	69.8320161393577	145.595247152837
Gm41553	98.2587398470968	-1.43283207120948	2.26286160959914e-05	47.4659667237059	48.0799360217957	140.073442712269	117.950182885146
Gm42127	226.504669942938	-1.00484186908787	0.049544583696508	139.659479013981	91.6240290226673	204.020014385261	261.103396301306
Gm42256	140.503929528892	-9.16221054257258	4.56478549090747e-06	0	0	36.5408980988527	155.250668071047
Gm42368	210.164903206502	2.12899820270051	1.6316933616382e-08	603.528528488454	366.481968269813	113.678405597326	108.872888920132
Gm42372	160.234972057986	-24.9462064693797	2.64499322825431e-05	0	0	1025.17519666226	0
Gm42386	26.3120660027031	3.56608773717742	0.0440459721185712	15.8248935147382	41.0796420555458	7.70120231723914	0
Gm5067	42.7231184262996	-1.31878282813563	0.0488433628459625	31.9482468332636	28.1222267297296	57.8564219898501	91.7390311328911
Gm5617	108.421356559078	1.1869962094456	0.000101539793475557	164.305269428213	171.454866190932	81.2019957752282	67.5441218231176
Gm6568	23.3009839206372	-3.12754795643665	0.0129314503830528	8.21526347141064	0	31.4657733629009	34.2761215221791
Gm7120	468.271146056302	1.06464506868149	0.0160125899425596	879.256898847016	558.746112217958	304.891204807327	382.964343650352
Gm9780	90.3929310459345	1.51244356901392	0.00999307536883046	85.0026589311378	149.697983952842	40.5278522578038	43.4008040149904
Gng2	7801.93566726155	-5.75316990339488	2.22168410288248e-48	512.534883318848	230.845835763545	18473.2885358441	21090.2375659314
Gpatch1	835.084810477606	-1.31062176008079	0.00734436191437731	416.240015884805	553.372848552743	1187.57918821271	1217.8104352586
Gramd1b	4158.95821429505	1.52141958420029	0.0494724774023997	5107.76110256001	11268.5953584932	3128.45220750347	2276.35134200378
Grhl1	138.716804506747	7.7763693022191	0.0123541044794358	0.910942323041298	1105.39009529258	1.01295140186382	4.02424711680624
Guf1	167.021972674951	7.27784189404376	4.80195711239979e-13	279.347180022968	190.66166930672	0	3.87235260567732
Hap1	2780.73730096492	2.29717497425471	0.0196510751679351	5359.16045975202	5128.73063624338	1013.08370100514	1181.77075598466
Hapln2	336.438206430656	-1.79434625972569	0.0110103960477454	79.0764917877743	170.936857233627	587.180319343018	249.577831011035
Hhipl2	36.3713282361807	-2.24625873569334	0.0321177540881765	9.08184181722635	12.636040048775	77.354656848704	25.0753909055438
Hif3a	451.596145214863	-1.6175605820601	0.0112101414701357	152.314535426923	159.891387995374	648.235050058181	354.773005805721
Hirip3	457.394738853961	1.78970099956849	0.000183411796206609	316.04321771353	485.516305823118	124.114672477132	172.090503354388
Hmg20a	2427.64052737281	-4.17796958672537	3.03214114653161e-20	310.572088994621	255.950325769596	4891.37129601895	3367.41539936012
Hmga1-rs1	393.606297393918	2.05031167539235	0.00353192528000058	390.681418418195	333.838046340015	41.6160228348044	135.088243646235
Hsp90ab1	77315.8055132148	-1.16093838459814	7.46153777309507e-11	41239.709819429	42434.6257979535	104524.223986821	82612.5097170003
Htr3a	454.17111904196	-1.61309077531954	2.75998015476708e-10	209.989465686174	229.718240242656	587.207376956889	755.753879153383
Ica1	803.685430358468	1.20087152929633	0.042938518632537	1195.5171517319	740.944616541291	434.254861196632	442.350006236569
Il1rap	2849.94674847502	-1.08557734775242	0.0252999325078973	1525.60405601854	1715.98731699786	4110.35433411999	3123.05464506519
Iqsec3	10325.2078017339	-2.73406267962338	2.21162584462722e-149	2154.83190277535	1954.39972986134	12977.3650746582	13254.8148109521
Jakmip2	2387.11081828934	-1.6568879443982	0.0134638489419393	1133.40120934633	1083.77463214742	3517.61980330892	2573.32747231011
Kcnd1	94.8202639103746	3.03061577467235	0.013352842395967	69.3733359808009	468.098999759369	41.6160228348044	25.203030531014
Kcng3	667.030723307742	-1.00815534222156	2.36803737778182e-07	383.417007297162	358.818581774396	860.141546173967	774.873750523012
Kcnk1	2014.0601581134	1.11633727907013	0.0319383095836437	1917.76771153404	3823.10885283529	1366.77191422538	1219.25553750928
Kcnq1ot1	783.208308305105	-1.1622849657276	2.90284168082979e-10	486.526158917985	518.90044159372	1123.63261653972	1128.08764656819
Kctd12	4629.14628068557	6.05718618614277	0.0120028437993525	76.6757923998326	11501.9907324594	76.1268710392764	97.7877584603345
Khdc3	61.1901113577176	-1.55145830304182	0.0264566227718164	35.1864337753622	14.6002636240368	66.252116593445	39.6611784547589
Klf7	1931.9625094049	-4.55277927514123	0.0295731839533696	355.379873976588	336.272207089938	1697.02597851187	2206.52565632838
Klhl15	711.809518038411	-1.35597924086789	0.0325885856059879	424.781074793713	586.179896147952	776.926986334956	1071.21738015301
LOC101056144	48.4852668772705	3.83673952920482	1.76905140965906e-06	61.1580725093903	55.3372848552743	4.06009978876141	5.04060610620281
LOC102631979	108.290123514253	-1.19960434358245	0.00966269905202534	43.81473851419	68.0376453138618	114.69781903251	139.120728531198
LOC102633151	674.359463518509	-2.78452619596729	0.00936934560033992	170.694918794865	79.8308371682645	440.520827080613	1280.31395097551
LOC102634300	357.85546207635	-1.23803653468099	0.00754539195279392	175.25895405676	189.598238274628	400.934854140189	457.687034443215
LOC102634709	36.0088130426206	1.7076466540145	0.00361902424163251	62.9836866141482	63.5018022929377	24.3605987325684	16.129939539849
LOC102636700	148.34912415821	-1.16606090295022	0.0371242193137512	103.147196918822	68.9448139180466	145.14856744822	237.916608212773
LOC102640399	267.048973649783	-1.32157267059668	0.000491160655379231	149.152081769574	142.466607203666	392.388930068954	349.106278827944
LOC105243553	48.4811813750151	-1.52309338161368	0.0417636844896331	16.4305269428213	32.6580697506537	61.9165217786115	78.6334552567638
LOC105244195	99.0766618451963	-1.87797459507948	1.9587422313319e-07	44.727545566569	39.0082499799474	149.208667236982	155.250668071047
LOC105246056	51.7418678931099	-9.25300356567417	0.0032954670136824	0	0	96.4273699830834	108.877091893981
LOC108167334	34.7400513751461	-2.54320656177544	0.00417763827064064	16.4083927931936	9.96541177456483	63.5281988155541	87.5883936272168
LOC108167377	89.3109813948856	-1.35380619503972	0.00450424240634742	41.0763173570532	51.708610438535	98.4574198774641	135.088243646235
LOC108167413	53.1971501285263	-1.31359537586635	0.00672885637300553	27.1757421882645	24.3070888200606	69.6020237062577	60.0267982845909
LOC108167560	43.5443008309513	-1.46127097591274	0.00644596285050673	23.7329833618529	19.0505406878813	53.7963222010887	61.4953944956743
LOC108168306	198.334247944578	-1.42202189283626	0.013755605971532	92.1935122902749	97.974209251961	327.853057942484	180.453698602061
LOC108168390	259.891291403747	-1.03344862551088	0.0377562142576809	107.711232180717	150.589988294681	260.86141142792	266.144002407508
LOC108168950	276.224255029008	1.21496395212146	0.000165296311572326	254.67316761373	272.150581255447	115.7128439797	111.901455557702
LOC108169010	109.857913614671	1.22607731395685	0.00180272987952764	96.9931689979346	107.942383870112	39.8335679993201	45.1310474852625
Lactb	501.940536370603	-2.25258206422984	8.21161175282567e-45	136.777735694343	137.292195384409	610.496993206004	667.458602996551
Layn	252.596447114146	-1.58039351697726	3.69663633672904e-12	129.312084235193	157.532875880804	410.735824663432	391.517682215987
Lcor	1782.23040238382	-1.02384457842958	0.0361703207338084	1522.02865599989	892.763237604051	2251.29231455446	2325.00634900698
Lpxn	46.4038095799325	-1.3107358133342	0.0339034607331895	26.1152655812059	25.0589866597465	63.2352904213317	64.8311674731288
Lrrc8b	1776.15397811152	1.97142860438596	0.0374664875186133	2394.20675746147	2340.92159931078	476.991780674826	723.246717125872
Lypd1	2875.73353545486	1.37024943052483	1.02111708237077e-05	5263.01037004297	4483.5407082163	1992.82334570557	1762.84324340924
Lyz2	519.111797413049	1.41914592859629	0.0249807840885382	854.387401026706	1261.87152842109	527.812972538983	264.127759965027
Macrod2	1806.23114395484	1.62886372255742	0.00396803000809771	2869.72812369546	2764.42339099806	1201.4342319789	944.731285614528
Malat1	17469.0461211144	-1.11257598344136	5.4350298484868e-06	11221.1370948945	11024.8200466582	21092.2184026155	27014.6243655833
Map1a	88826.3978322691	-2.02777686880164	0.0073314352734909	11035.1749559365	39847.6255664118	113911.874963368	105483.244252592
Mark1	2276.65430641489	-2.14197823329517	0.0214369609822374	544.173528103456	1065.8919777783	3577.93750683074	3447.19796522626
Meis3	661.021260120282	1.36478142680123	2.25983402567142e-18	994.319358731149	1009.62600460396	399.72772812706	389.550250335347
Mink1	3223.31251326549	-2.67110022646465	0.0361703207338084	1275.47244332524	1428.46711706174	1480.01598718409	16113.9114908124
Mirg	43.2153794007124	-2.33662088664459	0.0117675224666519	15.5177198904423	3.6286744167393	44.6610976763755	48.389818619547
Mllt11	11654.3051156196	-2.9817730418471	1.25975570953433e-11	2270.09467411247	2146.63038438113	14415.0535017588	18538.4450584768
Mllt6	3050.96731409751	1.65215626630428	0.0121438522038239	3974.30103035257	5728.37278062955	1482.41578528119	1556.56363127758
Mns1	149.761310126904	1.57190744106086	0.00535047800101499	315.125780957473	313.277366111372	122.792946038242	70.4726171025172
Mroh7	110.254615156627	3.14229594059109	0.0100528660246019	150.197113914685	176.406171918672	32.631240170652	6.05562539621416
Mtx3	1263.60062928102	2.00872207640155	0.000326665414259396	2360.62343823659	2384.51644592016	449.538750111304	756.655872122642
Myc	136.413840104941	-1.3699332215353	0.000962976177215639	90.3274628757495	90.7329574502748	252.749342284663	212.685061943196
Naa40	44.0951086583554	-2.23032905545903	0.0348863252370134	16.1901540365	23.8418348294201	133.85979905515	48.9224569849372
Ndufs7	2040.30944711769	2.09335084381508	4.37937301813975e-74	2780.76799291574	3076.21535282475	673.055650539163	675.735268575012
Neil1	131.775832021397	-1.93343638674098	2.65366507054056e-11	61.2829732256273	71.2933811174473	209.152586356054	211.574890623524
Nf2	3311.53679149844	-1.54822296903087	1.68180626035478e-23	1905.38180077752	1534.77099016675	3767.16685884102	3650.74559235614
Nme3	218.37994627476	3.44235070371953	2.59768293260223e-18	360.558785689689	452.677133488227	31.4657733629009	45.3654549558253
Nsun3	113.133956512414	-1.7503416506393	0.0296374696055109	106.995606103261	50.0174640053949	203.62909142355	128.384521119472
Nucb2	195.339023624798	1.00154937771054	0.0015816962211286	335.117002061907	380.728570278881	152.111138425735	151.086258973413
Nudt21	260.752339379273	1.90139744551534	0.00593545541202438	441.798613351416	390.082499799474	100.487469771845	123.998910212589
Odf2	742.400600739388	-1.42710776741038	0.0398856755930353	401.812695363134	329.934845899688	627.896925171618	1304.01979618251
Pantr1	81.0202317765271	2.85280561257458	8.93032193940802e-11	238.242640670908	223.163476629467	39.5859729404237	26.2111517522546
Pbx2	1294.82814418391	-1.59760600193523	0.00571543758315171	524.864055117902	521.621947406274	1860.54072819992	1305.51698150653
Pced1b	306.617371948772	1.38718794500969	0.0252999325078973	440.699754746522	282.024198910003	91.2734037311508	150.275959913431
Pcyox1	4649.36898870717	1.82782969717078	1.4553918029458e-77	7701.46014714803	6944.43528279024	2163.69707788494	2186.68329398066
Pex2	550.592027431133	1.7241523926553	2.61061469466905e-07	812.681038640507	857.927895058401	198.549714404703	301.928669937558
Plac9b	89.183461339306	1.50199521777084	0.0146627913274664	81.2398276617274	147.868482482126	38.5709479932334	42.3410912921036
Prdm4	757.890913940966	4.18468613271299	0.00408678510444396	1420.37606498014	1467.26291927072	120.057507246161	31.6031819562062
Prrc2a	9691.2236647839	-1.6611025542385	0.000470708864899072	6644.52966673429	8696.77323580444	18965.0604629192	29610.562542159
Prrc2c	6723.54394114893	-1.24196004832213	0.00131639742360758	3013.60475376024	3576.56187629834	7531.89603326569	8751.23099188576
Pter	749.633264221243	4.15591528682714	0.000746419608262852	1444.43014650194	1559.05955669813	100.596889515482	69.1169709804131
Ptpra	3805.49677502454	2.7084983003199	0.0175440268212635	14568.0528638573	2438.70035502233	787.978445505609	1797.83138341814
Qars	306.193844649187	-1.42808132401631	0.00996978220442293	136.008250804465	191.412575482998	498.377249070463	380.061700407692
Rab8b	3688.4727679881	-1.8574349855562	1.7517991976743e-07	943.842492159844	1633.81065613687	5264.93440107636	4075.83409747559
Rabep1	2451.7037562698	-1.67464467891875	4.03734127757648e-14	1143.71093785023	1225.74399654588	3486.70596583245	4295.98466958635
Rinl	94.0550750249646	-1.01776041558095	0.0268997667045041	61.8502814790838	80.4510652715415	164.86106526999	122.553683340019
Rmnd5a	5476.66799432054	-2.3905413948092	0.00535047800101499	1736.46503435569	1602.31194363184	7311.57703653658	7506.27856717651
Rn7sk	50.4162502143543	1.12983689789057	0.0301299504693886	87.6294770283801	92.5311976268521	38.5709479932334	44.3573337345847
Rnaset2a	423.130282713219	-1.74497317937102	0.00452860388888742	147.75093879259	97.2842706579291	358.333292578841	460.475888978747
Rnaset2b	441.909109365341	-2.01398996506293	0.00012409759841355	101.321582814065	178.71221502441	535.933172116506	591.76715686821
Rnf214	4557.58590107454	-2.58284415993025	1.51178449895185e-59	1603.00177675998	1260.30263844806	7180.58685285552	7272.89612327994
Rpl10	2626.2718968707	1.03618875606026	0.000629491185500369	3377.38609380215	4203.81931179248	1645.35543939556	2052.53480644578
Rps2	3446.20474652835	1.3058272942806	1.14399287224752e-10	7499.62274234553	7261.88467649952	2649.21511216682	3323.77566643013
Rps26	3330.83635653452	1.11711239556728	0.0140095122420746	4899.94825717025	5378.60265421182	1866.63087788306	2872.13735931436
Rps27rt	163.015639011315	-1.34570294756267	1.30697712202794e-05	61.1580725093903	75.2949941473404	163.419016497647	185.494304708263
Rps3a1	8899.90751226428	-1.92860282578343	1.1360848105977e-07	2222.68517254277	3703.96941088664	11171.364568777	11396.8104061246
Sap25	129.026362810701	-4.36918501782009	0.000853178994602301	10.9536846285475	9.97885464603307	283.191960266108	113.917698000183
Sdr39u1	214.593565539278	-2.31997726117527	0.000121900918662508	75.690595523237	48.8549647795826	260.051192008357	347.323399990345
Sec14l5	588.02260289758	-1.07209626312809	0.0473612446719213	379.924017395066	415.605923075259	743.108841211434	767.510221395449
Sema4b	679.358292523821	-2.56141568377687	0.00133589795320596	179.228141420396	99.2056252115503	1122.77063266981	541.046576475712
Sh2d5	1732.03846420053	-2.39041506883652	0.0274271858927494	337.738609380215	305.715819610286	441.535852027803	2923.55154159763
Sh3bgrl3	2836.81886108584	-1.07890881775839	0.00254752494036074	2283.84324505216	2179.01898725195	4792.94780063284	4635.3413752641
Shisa9	3130.21847156849	1.51471160829875	0.0196916799603936	4158.64744250561	3685.56350361327	1030.84544369799	1767.76163269479
Slc16a10	211.788694517277	-2.67837906198353	1.04254805078986e-21	76.9883337860946	79.7791257636094	218.924123624024	218.788069256741
Slc25a19	1012.0390063165	-1.75224439226239	0.00107887253861219	382.51742424116	548.941353720551	1848.12037694912	1238.88509573585
Slc39a10	5796.2186792073	-1.11998705626755	6.10625578425309e-06	5057.65798113092	3989.36203679747	9336.21668795593	10169.7106803476
Slc6a6	4483.26028383065	-4.91600641750507	0.0121696814892119	245.383438599024	193.950983314003	5098.60450645137	8398.25580715089
Snhg17	70.3936699101868	3.93778691657309	0.000283221876430112	156.951328728118	76.4855589177908	4.17994707834344	11.7234492278835
Sparc	6596.55701846193	3.39175011057374	4.06838267246061e-10	13124.7686180258	13569.1822035208	1719.04841258739	826.938442980799
Srrm2	2411.2183025855	-1.11281601447572	1.49890968011922e-27	1618.47620636241	1714.36968749063	2523.87754099679	2773.34312771378
Tanc2	3849.08543100154	-1.71250291401035	0.000473897080604607	1920.2868298259	929.93719105634	5324.91338587707	3870.1545240558
Tardbp	1806.59762401259	2.0455719684137	5.64057093127245e-19	3656.5660983893	2590.12648614942	804.041076993742	1097.11126417465
Tdrd7	1216.21482292905	1.53001010245519	0.0426516992167136	1777.13476763123	1753.64985937529	395.349239247723	824.184804315305
Tfrc	4132.16392549841	1.01387966442848	0.0177264299639286	6709.05628827482	5891.0611815718	2475.94505817294	3757.23165883862
Tln2	6385.47624774494	-4.14633559131978	6.45783126107866e-49	383.847567507759	605.069224536322	9224.94822007114	8091.7520169199
Tmem150b	486.084145185809	-2.65584327534541	4.37485482089408e-11	127.153175028955	139.623956849987	831.916978463696	781.549423564469
Tmem254c	845.809378335308	1.00307378742298	1.21556781776443e-13	966.295598076793	951.509435702666	505.440102091197	466.713796111879
Tmem87b	1834.07979122231	1.17646597696009	1.02599311181128e-11	2501.91201931626	2308.67058158553	1102.8568088766	1049.84795116541
Tmod2	30037.6634380714	-5.27563131551881	1.1202183843713e-126	1222.82716250874	854.906147244402	39886.2542592749	40968.6784064278
Trio	7576.08324749995	-1.86200802266649	0.00259120661275509	1290.82058626805	4065.86383400745	9638.61423272764	8999.42343396945
Tro	2305.89151049294	2.30542454347188	0.0274271858927494	5485.92822746927	5520.01799645323	1637.95264548805	622.977879479424
Tusc3	975.461437218841	2.2718506085291	0.0274271858927494	713.226981576048	3988.91442658603	474.873917055021	522.699122640841
Ube2m	1509.43033590188	6.57302844200223	0.000516311685113023	3922.04658776953	4077.16564637499	44.2158104885415	57.4042553543073
Ubfd1	784.55619199815	2.62196254719271	0.00415071300753088	1916.11230735646	2361.86001172185	264.963286082135	438.823608000407
Uckl1	236.707981795982	1.45457632156801	0.0177710158403256	295.672628028809	677.920898950373	129.790358914907	184.589675230403
Vwa3b	246.320320645463	-2.52408892568981	0.0140095122420746	34.1252666636657	89.8954187754282	603.432028808148	329.418159653088
Wnt7b	918.33487782061	1.4529763850581	9.29180993035671e-05	2214.79559678509	2265.87477434697	755.192527022337	878.029095401575
Ypel4	258.453682697167	2.5945757920506	0.034806574659742	345.265197918212	266.827920510893	238.465286523422	99.8117563357609
Zfp3	314.393695535269	-3.68196996959008	0.007800208150385	39.2507032522953	32.6580697506537	545.068396641219	379.053579186451
Zfp37	943.340502327645	1.38313918789948	0.00735056556409671	1318.94675658797	1241.10515656363	538.70751603168	433.965843258466
Zfp512	483.245861627241	-1.1066785974932	0.000110747377944275	296.003297274943	255.894726974144	679.955306301572	580.398205275692
Zfp512b	357.121981108376	-2.91009445573063	0.000197650560999014	71.6126249323176	93.7399176580556	586.132117200498	475.491849564696
Zfp862-ps	220.902747078672	-1.03231018445394	0.0325885856059879	130.429853558112	192.252247988793	324.40581928701	336.847922610556
Znrf3	166.138591833908	-10.4308973072368	7.18234103638653e-10	0	0	219.245388593116	243.965335540216
